IMG-1												IMG-2
(257.6336669921875, 132.31065368652344) (279.60357666015625, 97.2706298828125)
(257.6336669921875, 132.31065368652344) (279.60357666015625, 97.2706298828125)
(343.1094665527344, 234.25184631347656) (365.13275146484375, 199.2745819091797)
(238.7303466796875, 109.04176330566406) (260.7398986816406, 74.0658950805664)
(373.74859619140625, 164.25242614746094) (395.7243957519531, 129.3340301513672)
(324.265380859375, 234.9693145751953) (346.322509765625, 199.88311767578125)
(240.80104064941406, 138.96603393554688) (262.76861572265625, 103.99607849121094)
(328.8597412109375, 98.47216796875) (350.81646728515625, 63.44485855102539)
(65.36341857910156, 640.1587524414062) (87.28564453125, 604.982666015625)
(545.4055786132812, 599.8159790039062) (567.4910888671875, 564.6712036132812)
(498.82037353515625, 367.6048278808594) (520.6061401367188, 332.7637939453125)
(315.0830383300781, 121.2002944946289) (337.0805969238281, 86.19022369384766)
(236.32376098632812, 132.91725158691406) (258.35491943359375, 97.8788833618164)
(389.7763671875, 185.0529022216797) (411.7948913574219, 150.05287170410156)
(234.37489318847656, 111.83958435058594) (256.3290100097656, 76.7928237915039)
(388.284423828125, 161.8920440673828) (410.26904296875, 126.97898864746094)
(515.9708862304688, 585.7527465820312) (538.0109252929688, 550.7442626953125)
(262.9563903808594, 196.46974182128906) (285.0087890625, 161.480712890625)
(133.66061401367188, 519.82958984375) (155.67514038085938, 484.78033447265625)
(359.6170654296875, 464.6087341308594) (381.6527404785156, 429.5530090332031)
(396.5705261230469, 165.81349182128906) (418.56658935546875, 130.82350158691406)
(325.1196594238281, 74.86849975585938) (347.0920104980469, 39.900875091552734)
(64.46002960205078, 638.7930297851562) (86.366455078125, 603.5404663085938)
(446.7752990722656, 474.06634521484375) (468.6330261230469, 439.09136962890625)
(230.69654846191406, 202.9754638671875) (252.67137145996094, 167.9486083984375)
(486.0408935546875, 585.0341186523438) (508.0376892089844, 550.1773071289062)
(243.6110076904297, 132.14865112304688) (265.5616455078125, 97.07185363769531)
(376.5614929199219, 166.49659729003906) (398.53582763671875, 131.51824951171875)
(285.3454284667969, 197.69801330566406) (307.3424072265625, 162.6505584716797)
(381.12860107421875, 259.4169921875) (403.1306457519531, 224.44390869140625)
(384.1532287597656, 499.9598083496094) (406.2198486328125, 465.02142333984375)
(218.94009399414062, 221.63156127929688) (241.03372192382812, 186.63571166992188)
(393.6028747558594, 163.60984802246094) (415.59954833984375, 128.60421752929688)
(382.3345031738281, 189.63729858398438) (404.3776550292969, 154.62966918945312)
(307.9615478515625, 100.03812408447266) (329.9947509765625, 64.9505386352539)
(376.5614929199219, 166.49659729003906) (398.53582763671875, 131.51824951171875)
(446.7752990722656, 474.06634521484375) (468.6330261230469, 439.09136962890625)
(339.683349609375, 239.5906219482422) (361.6433410644531, 204.56529235839844)
(212.5491943359375, 205.97889709472656) (234.52406311035156, 170.9846954345703)
(128.69105529785156, 522.0242309570312) (150.6451416015625, 486.9958801269531)
(544.5358276367188, 589.3071899414062) (566.5134887695312, 554.2642822265625)
(133.66061401367188, 519.82958984375) (155.67514038085938, 484.78033447265625)
(343.1094665527344, 234.25184631347656) (365.13275146484375, 199.2745819091797)
(252.79306030273438, 134.7279510498047) (274.809814453125, 99.70539093017578)
(334.08184814453125, 233.48199462890625) (356.0957946777344, 198.5027618408203)
(215.2154998779297, 204.7445526123047) (237.19891357421875, 169.7006072998047)
(247.8915252685547, 156.28277587890625) (270.03125, 121.27415466308594)
(486.0408935546875, 585.0341186523438) (508.0376892089844, 550.1773071289062)
(212.5491943359375, 205.97889709472656) (234.52406311035156, 170.9846954345703)
(147.77174377441406, 453.82806396484375) (169.77008056640625, 418.85015869140625)
(215.4608917236328, 205.39398193359375) (237.463134765625, 170.43655395507812)
(252.93504333496094, 407.1084899902344) (274.97357177734375, 372.1671142578125)
(526.1487426757812, 522.8667602539062) (548.1343994140625, 487.86871337890625)
(326.59930419921875, 104.87754821777344) (348.6339111328125, 69.86808013916016)
(307.9615478515625, 100.03812408447266) (329.9947509765625, 64.9505386352539)
(211.65025329589844, 208.82713317871094) (233.6464385986328, 173.8265838623047)
(242.393798828125, 408.4070739746094) (264.353515625, 373.4293518066406)
(326.3680725097656, 101.57752227783203) (348.3861999511719, 66.61026763916016)
(135.60012817382812, 502.4305725097656) (157.61050415039062, 467.3992919921875)
(334.5763244628906, 255.30992126464844) (356.4812927246094, 220.31727600097656)
(396.5705261230469, 165.81349182128906) (418.56658935546875, 130.82350158691406)
(376.9229736328125, 315.49688720703125) (398.85400390625, 280.509521484375)
(341.5570983886719, 237.45179748535156) (363.5445861816406, 202.428466796875)
(236.1903076171875, 142.48110961914062) (258.2383117675781, 107.49512481689453)
(255.902587890625, 136.02000427246094) (277.9122619628906, 100.9924087524414)
(358.6754150390625, 196.92935180664062) (380.519287109375, 161.8099822998047)
(247.8915252685547, 156.28277587890625) (270.03125, 121.27415466308594)
(334.08184814453125, 233.48199462890625) (356.0957946777344, 198.5027618408203)
(215.4608917236328, 205.39398193359375) (237.463134765625, 170.43655395507812)
(381.12860107421875, 259.4169921875) (403.1306457519531, 224.44390869140625)
(312.6739196777344, 78.0298080444336) (334.6819152832031, 43.07950210571289)
(413.1374206542969, 141.60012817382812) (434.9957275390625, 106.6064682006836)
(255.902587890625, 136.02000427246094) (277.9122619628906, 100.9924087524414)
(374.9804382324219, 170.10684204101562) (396.9385070800781, 135.077392578125)
(134.4883575439453, 527.0830078125) (156.45663452148438, 492.0064392089844)
(236.1903076171875, 142.48110961914062) (258.2383117675781, 107.49512481689453)
(252.93504333496094, 407.1084899902344) (274.97357177734375, 372.1671142578125)
(256.01397705078125, 325.3580322265625) (277.941162109375, 290.0920715332031)
(301.6455993652344, 192.85874938964844) (323.60894775390625, 157.75015258789062)
(256.01397705078125, 325.3580322265625) (277.941162109375, 290.0920715332031)
(312.6739196777344, 78.0298080444336) (334.6819152832031, 43.07950210571289)
(334.5763244628906, 255.30992126464844) (356.4812927246094, 220.31727600097656)
(252.7333984375, 135.04354858398438) (274.7436828613281, 100.01155090332031)
(255.62991333007812, 412.4222106933594) (277.6497497558594, 377.4232482910156)
(135.8186798095703, 507.3775634765625) (157.8562774658203, 472.4141845703125)
(316.0658874511719, 106.2543716430664) (338.069091796875, 71.26295471191406)
(135.8186798095703, 507.3775634765625) (157.8562774658203, 472.4141845703125)
(446.7752990722656, 474.06634521484375) (468.6330261230469, 439.09136962890625)
(320.9776611328125, 192.93084716796875) (342.9888916015625, 157.79034423828125)
(236.32376098632812, 132.91725158691406) (258.35491943359375, 97.8788833618164)
(535.4625854492188, 548.0626831054688) (557.4110717773438, 512.9647216796875)
(372.5750732421875, 316.0675048828125) (394.5950927734375, 281.04510498046875)
(544.5358276367188, 589.3071899414062) (566.5134887695312, 554.2642822265625)
(255.90966796875, 139.4039764404297) (277.8283386230469, 104.4312744140625)
(326.37628173828125, 237.9578399658203) (348.3614807128906, 202.96588134765625)
(234.37489318847656, 111.83958435058594) (256.3290100097656, 76.7928237915039)
(249.8850555419922, 409.1067199707031) (271.98297119140625, 374.16912841796875)
(320.9776611328125, 192.93084716796875) (342.9888916015625, 157.79034423828125)
(429.4959411621094, 262.4581298828125) (451.5501403808594, 227.4320526123047)
(305.5691223144531, 193.64430236816406) (327.47796630859375, 158.6133575439453)
(411.1593017578125, 522.2276611328125) (433.2134094238281, 487.1483459472656)
(490.11016845703125, 371.6755065917969) (512.0978393554688, 336.6401062011719)
(247.69052124023438, 393.75347900390625) (269.6418762207031, 358.94677734375)
(247.54022216796875, 439.53955078125) (269.5695495605469, 404.56689453125)
(210.91355895996094, 453.89007568359375) (232.91014099121094, 418.9352111816406)
(401.4686584472656, 257.8274230957031) (423.3800048828125, 222.849853515625)
(316.0658874511719, 106.2543716430664) (338.069091796875, 71.26295471191406)
(462.0487976074219, 373.8846435546875) (484.04888916015625, 338.9315490722656)
(385.6209716796875, 255.3583526611328) (407.591552734375, 220.34848022460938)
(280.62213134765625, 194.07460021972656) (302.6676025390625, 159.07553100585938)
(62.418495178222656, 635.0982666015625) (84.44654083251953, 600.0618896484375)
(323.912841796875, 216.94052124023438) (345.90155029296875, 181.8634796142578)
(512.5564575195312, 508.4179382324219) (534.6251220703125, 473.4530334472656)
(323.8258972167969, 207.49522399902344) (345.7820129394531, 172.4725341796875)
(433.2366638183594, 516.994384765625) (455.2189636230469, 482.0943908691406)
(313.30364990234375, 101.52934265136719) (402.4158020019531, 130.51242065429688)
(380.18316650390625, 164.9278564453125) (402.234619140625, 130.03558349609375)
(411.1593017578125, 522.2276611328125) (433.2134094238281, 487.1483459472656)
(407.6417236328125, 508.6730651855469) (429.6448669433594, 473.7136535644531)
(248.9655303955078, 190.50765991210938) (271.04876708984375, 155.5194091796875)
(507.8420104980469, 541.1386108398438) (529.8701171875, 506.1173095703125)
(333.28619384765625, 83.2825698852539) (355.2497253417969, 48.416683197021484)
(326.8655700683594, 104.86001586914062) (348.9103698730469, 69.82781219482422)
(252.79306030273438, 134.7279510498047) (274.809814453125, 99.70539093017578)
(101.53868103027344, 534.623046875) (123.76872253417969, 499.6076354980469)
(329.06658935546875, 237.03482055664062) (351.1150817871094, 202.1155548095703)
(215.2154998779297, 204.7445526123047) (237.19891357421875, 169.7006072998047)
(228.80332946777344, 206.70034790039062) (250.82630920410156, 171.6171417236328)
(510.14447021484375, 348.1070861816406) (532.1980590820312, 313.00537109375)
(429.4959411621094, 262.4581298828125) (451.5501403808594, 227.4320526123047)
(245.238525390625, 356.2930908203125) (267.22515869140625, 321.3825988769531)
(243.4955596923828, 110.35160827636719) (265.4349060058594, 75.28203582763672)
(228.80332946777344, 206.70034790039062) (250.82630920410156, 171.6171417236328)
(313.30364990234375, 101.52934265136719) (402.4158020019531, 130.51242065429688)
(347.9164733886719, 294.2659606933594) (369.9071044921875, 259.3366394042969)
(329.06658935546875, 237.03482055664062) (351.1150817871094, 202.1155548095703)
(380.18316650390625, 164.9278564453125) (402.234619140625, 130.03558349609375)
(507.8420104980469, 541.1386108398438) (529.8701171875, 506.1173095703125)
(411.8546447753906, 504.4591369628906) (433.9048156738281, 469.3394470214844)
(242.66738891601562, 476.076904296875) (264.7295227050781, 441.1221618652344)
(101.53868103027344, 534.623046875) (123.76872253417969, 499.6076354980469)
(388.284423828125, 161.8920440673828) (410.26904296875, 126.97898864746094)
(432.542724609375, 190.4796905517578) (454.8222961425781, 155.17840576171875)
(333.28619384765625, 83.2825698852539) (355.2497253417969, 48.416683197021484)
(299.9075927734375, 432.66729736328125) (321.97125244140625, 397.7462158203125)
(361.476318359375, 485.7530822753906) (373.57623291015625, 487.174072265625)
(326.8655700683594, 104.86001586914062) (348.9103698730469, 69.82781219482422)
(447.8395080566406, 500.3968505859375) (469.8167419433594, 465.3733215332031)
(179.65806579589844, 447.01654052734375) (201.66885375976562, 412.0213623046875)
(328.8597412109375, 98.47216796875) (350.81646728515625, 63.44485855102539)
(496.4918518066406, 516.8436889648438) (518.4949951171875, 481.8678894042969)
(179.65806579589844, 447.01654052734375) (201.66885375976562, 412.0213623046875)
(66.65544128417969, 641.9644165039062) (88.61598205566406, 606.9114379882812)
(358.7535400390625, 426.8923034667969) (381.4071350097656, 392.4532775878906)
(148.4376220703125, 499.172607421875) (170.35357666015625, 464.16259765625)
(447.4748229980469, 503.7729187011719) (469.4443359375, 468.7873229980469)
(370.6443786621094, 488.0816650390625) (392.67266845703125, 453.13629150390625)
(273.48443603515625, 425.0684814453125) (295.5752258300781, 390.0182189941406)
(380.6713562011719, 350.7827453613281) (399.6526794433594, 306.0144348144531)
(455.64556884765625, 377.78033447265625) (477.7661437988281, 342.7604675292969)
(361.2811584472656, 505.285888671875) (383.30712890625, 470.2962951660156)
(309.2608642578125, 59.850616455078125) (331.3504638671875, 24.611122131347656)
(284.4483642578125, 404.0355529785156) (306.45574951171875, 368.85577392578125)
(282.91607666015625, 442.2099914550781) (304.9129638671875, 407.2134704589844)
(361.2811584472656, 505.285888671875) (383.30712890625, 470.2962951660156)
(516.0911865234375, 380.1982727050781) (537.8964233398438, 345.1804504394531)
(310.1759033203125, 217.02984619140625) (332.11883544921875, 182.06654357910156)
(452.2203063964844, 522.2348022460938) (474.2132568359375, 487.2382507324219)
(289.4085998535156, 252.69900512695312) (310.9928283691406, 217.49310302734375)
(228.6085968017578, 104.16521453857422) (251.09326171875, 69.62712860107422)
(343.1213684082031, 268.1804504394531) (365.0948181152344, 232.63426208496094)
(200.3408203125, 108.16747283935547) (222.75489807128906, 72.41964721679688)
(326.37628173828125, 237.9578399658203) (348.3614807128906, 202.96588134765625)
(199.59637451171875, 412.3072509765625) (221.61102294921875, 377.4716796875)
(299.9075927734375, 432.66729736328125) (291.42474365234375, 433.8583679199219)
(196.62948608398438, 440.86279296875) (218.64561462402344, 405.8864440917969)
(225.1555633544922, 225.3609161376953) (247.0906982421875, 190.275146484375)
(265.0299987792969, 76.17495727539062) (286.4642333984375, 42.27156448364258)
(382.6549987792969, 354.64764404296875) (399.6526794433594, 306.0144348144531)
(255.1481475830078, 323.19378662109375) (276.9226379394531, 287.4386901855469)
(422.9833068847656, 329.1183166503906) (363.5445861816406, 202.428466796875)
(195.99618530273438, 415.8147277832031) (218.07293701171875, 380.8552551269531)
(242.66738891601562, 476.076904296875) (264.7295227050781, 441.1221618652344)
(368.45220947265625, 101.64018249511719) (389.8084716796875, 67.21536254882812)
(478.1119384765625, 345.3708801269531) (499.8374328613281, 310.7539978027344)
(399.6725158691406, 162.04714965820312) (421.469970703125, 126.95828247070312)
(393.6028747558594, 163.60984802246094) (415.59954833984375, 128.60421752929688)
(391.8226013183594, 522.2315673828125) (413.83843994140625, 487.2149963378906)
(265.0299987792969, 76.17495727539062) (286.4642333984375, 42.27156448364258)
(262.9563903808594, 196.46974182128906) (285.0087890625, 161.480712890625)
(221.87490844726562, 193.29148864746094) (242.87322998046875, 158.93609619140625)
(326.3680725097656, 101.57752227783203) (348.3861999511719, 66.61026763916016)
(247.70556640625, 289.0048828125) (269.6449890136719, 253.30661010742188)
(379.80169677734375, 136.5937957763672) (401.7454528808594, 101.47370910644531)
(127.21321105957031, 505.49969482421875) (149.2048797607422, 470.543212890625)
(490.11016845703125, 371.6755065917969) (512.0978393554688, 336.6401062011719)
(285.4701843261719, 441.96014404296875) (307.3707275390625, 406.96490478515625)
(305.2408447265625, 357.9976806640625) (325.4723205566406, 321.6602478027344)
(397.7538757324219, 305.7459716796875) (420.45245361328125, 270.5190124511719)
(324.265380859375, 234.9693145751953) (346.322509765625, 199.88311767578125)
(343.1213684082031, 268.1804504394531) (365.0948181152344, 232.63426208496094)
(154.343994140625, 301.77752685546875) (176.42605590820312, 266.7477111816406)
(490.07159423828125, 364.6522521972656) (201.50656127929688, 295.919921875)
(359.7400207519531, 310.5744934082031) (381.7127990722656, 275.4350891113281)
(223.35098266601562, 407.5560302734375) (245.40789794921875, 372.5362548828125)
(319.43505859375, 97.7044448852539) (341.4760437011719, 62.7607536315918)
(390.6456604003906, 380.4762268066406) (413.3399963378906, 345.61492919921875)
(358.9169616699219, 505.0404357910156) (381.08551025390625, 470.0057678222656)
(218.27664184570312, 193.8939208984375) (240.2327880859375, 158.75344848632812)
(292.38970947265625, 459.3266296386719) (321.5390319824219, 417.29608154296875)
(546.8709716796875, 584.5813598632812) (569.8587646484375, 551.3740844726562)
(507.798828125, 565.3108520507812) (423.58648681640625, 503.907470703125)
(344.52008056640625, 514.8599243164062) (550.8831176757812, 518.2086181640625)
(269.4296875, 468.6927795410156) (314.19769287109375, 389.9889221191406)
(393.3012390136719, 525.5017700195312) (415.0479431152344, 490.1455383300781)
(451.0940246582031, 416.2513427734375) (471.35919189453125, 379.583984375)
(507.8420104980469, 541.1386108398438) (529.8701171875, 506.1173095703125)
(252.42446899414062, 459.1314392089844) (274.4007263183594, 424.1223449707031)
(182.21676635742188, 310.8618469238281) (204.14697265625, 275.8277893066406)
(453.30938720703125, 256.3833923339844) (483.11993408203125, 214.08900451660156)
(216.97702026367188, 381.3465270996094) (237.91424560546875, 345.18701171875)
(321.9433288574219, 98.78144073486328) (343.9881286621094, 63.70913314819336)
(154.51939392089844, 308.81231689453125) (176.57608032226562, 273.8481140136719)
(187.84542846679688, 538.8926391601562) (399.7857360839844, 556.5348510742188)
(396.2520751953125, 457.9771423339844) (418.3492431640625, 423.2292785644531)
(230.69654846191406, 202.9754638671875) (252.67137145996094, 167.9486083984375)
(134.01051330566406, 284.9770812988281) (156.0478973388672, 250.0103759765625)
(401.37176513671875, 328.33575439453125) (260.4750671386719, 101.55558776855469)
(466.94573974609375, 489.8514404296875) (488.942626953125, 454.9624328613281)
(411.9728088378906, 324.0621643066406) (269.2565612792969, 97.16731262207031)
(223.99432373046875, 436.423095703125) (245.9630889892578, 401.4274597167969)
(445.0928955078125, 489.74517822265625) (366.1794128417969, 479.6326904296875)
(310.2414855957031, 102.27213287353516) (332.2844543457031, 67.30733489990234)
(452.2203063964844, 522.2348022460938) (474.2132568359375, 487.2382507324219)
(453.30938720703125, 256.3833923339844) (483.11993408203125, 214.08900451660156)
(327.62017822265625, 215.49192810058594) (349.8080139160156, 180.77708435058594)
(145.6130828857422, 304.692626953125) (167.54205322265625, 269.59942626953125)
(376.5614929199219, 166.49659729003906) (332.2844543457031, 67.30733489990234)
(411.9728088378906, 324.0621643066406) (269.2565612792969, 97.16731262207031)
(153.92234802246094, 308.5746765136719) (175.95440673828125, 273.5850524902344)
(177.27711486816406, 426.86798095703125) (199.3006134033203, 391.7676086425781)
(391.8226013183594, 522.2315673828125) (274.4007263183594, 424.1223449707031)
(177.27711486816406, 426.86798095703125) (199.3006134033203, 391.7676086425781)
(294.4970397949219, 233.1233673095703) (316.7995300292969, 197.5149383544922)
(393.2362060546875, 493.5165100097656) (415.1933898925781, 458.5784606933594)
(311.2565612792969, 202.0560302734375) (356.6630554199219, 214.014892578125)
(516.0911865234375, 380.1982727050781) (537.8964233398438, 345.1804504394531)
(252.42446899414062, 459.1314392089844) (383.30712890625, 470.2962951660156)
(321.9433288574219, 98.78144073486328) (413.0719909667969, 127.33305358886719)
(391.8226013183594, 522.2315673828125) (413.83843994140625, 487.2149963378906)
(372.73431396484375, 329.80517578125) (395.8954772949219, 293.6614074707031)
(136.40463256835938, 478.101806640625) (158.38392639160156, 443.0810852050781)
(191.94410705566406, 459.1647033691406) (213.9599151611328, 424.150146484375)
(486.9346008300781, 553.3726196289062) (457.47515869140625, 497.2778625488281)
(399.6725158691406, 162.04714965820312) (421.469970703125, 126.95828247070312)
(196.5166778564453, 436.9286804199219) (218.50582885742188, 402.2357177734375)
(284.4483642578125, 404.0355529785156) (346.0822448730469, 151.37794494628906)
(169.40756225585938, 302.2942199707031) (192.0294189453125, 267.8861389160156)
(361.476318359375, 485.7530822753906) (454.8222961425781, 155.17840576171875)
(168.047607421875, 282.8508605957031) (189.7652587890625, 247.56002807617188)
(377.60784912109375, 324.1623840332031) (399.7857360839844, 556.5348510742188)
(452.2203063964844, 522.2348022460938) (474.2132568359375, 487.2382507324219)
(394.9669494628906, 142.09642028808594) (136.25355529785156, 489.6711730957031)
(228.01869201660156, 103.37637329101562) (444.4927062988281, 150.82073974609375)
(167.77069091796875, 461.8974609375) (189.7458953857422, 426.8898010253906)
(532.1499633789062, 541.2767944335938) (508.5751647949219, 494.2347106933594)
(377.60784912109375, 324.1623840332031) (201.50656127929688, 295.919921875)
(396.8443908691406, 502.64642333984375) (279.23822021484375, 403.5820617675781)
(411.0612487792969, 353.6595764160156) (420.45245361328125, 270.5190124511719)
(128.16502380371094, 317.1494445800781) (194.42747497558594, 319.42449951171875)
(127.21321105957031, 505.49969482421875) (149.2048797607422, 470.543212890625)
(391.8226013183594, 522.2315673828125) (529.8701171875, 506.1173095703125)
(191.94410705566406, 459.1647033691406) (213.9599151611328, 424.150146484375)
(391.8226013183594, 522.2315673828125) (529.8701171875, 506.1173095703125)
(336.5659484863281, 235.11968994140625) (359.4223937988281, 198.60162353515625)
(321.0828857421875, 117.25677490234375) (239.3389129638672, 416.7034606933594)
(452.2203063964844, 522.2348022460938) (213.9599151611328, 424.150146484375)
(188.41104125976562, 314.6703796386719) (181.96144104003906, 276.5959777832031)
(393.2362060546875, 493.5165100097656) (415.1933898925781, 458.5784606933594)
(457.30633544921875, 356.3450622558594) (168.50743103027344, 283.80255126953125)
(452.2203063964844, 522.2348022460938) (213.9599151611328, 424.150146484375)
(304.1022033691406, 235.48130798339844) (197.97024536132812, 284.7890625)
(245.238525390625, 356.2930908203125) (185.05859375, 274.3955993652344)
(399.7693176269531, 332.0055847167969) (197.91348266601562, 441.75396728515625)
(448.1184387207031, 479.2825927734375) (273.14825439453125, 426.9850158691406)
(356.9109802246094, 583.5479125976562) (349.8080139160156, 180.77708435058594)
(394.06475830078125, 472.2401428222656) (184.8376007080078, 284.16766357421875)
(398.7140197753906, 418.6805725097656) (179.05264282226562, 312.96533203125)
(188.41104125976562, 314.6703796386719) (506.1719055175781, 339.7032470703125)
(401.583251953125, 471.4691467285156) (381.3468933105469, 226.4047088623047)
(442.162841796875, 481.1571960449219) (461.8342590332031, 461.6942138671875)
(382.6549987792969, 354.64764404296875) (264.6979064941406, 80.98587799072266)
(492.047119140625, 353.2986145019531) (174.19398498535156, 255.2345428466797)
(399.7693176269531, 332.0055847167969) (189.689208984375, 438.67474365234375)